name: dpiper
channels:
  - conda-forge
  - defaults
dependencies:
  - blas=1.0=mkl
  - bzip2=1.0.8=h8ffe710_4
  - ca-certificates=2023.7.22=h56e8100_0
  - cycler=0.11.0=pyhd8ed1ab_0
  - freetype=2.12.1=h546665d_1
  - gettext=0.21.1=h5728263_0
  - git=2.42.0=h57928b3_0
  - glib=2.76.4=h12be248_0
  - glib-tools=2.76.4=h12be248_0
  - gst-plugins-base=1.22.5=h001b923_0
  - gstreamer=1.22.5=hb4038d2_0
  - icc_rt=2022.1.0=h6049295_2
  - icu=72.1=h63175ca_0
  - intel-openmp=2023.2.0=h57928b3_49496
  - jenkspy=0.2.0=py37hcc03f2d_1
  - kiwisolver=1.4.4=py37h8c56517_0
  - krb5=1.20.1=heb0366b_0
  - libclang=16.0.6=default_heb8d277_1
  - libclang13=16.0.6=default_hc80b9e7_1
  - libffi=3.4.2=h8ffe710_5
  - libglib=2.76.4=he8f3873_0
  - libiconv=1.17=h8ffe710_0
  - libjpeg-turbo=2.1.5.1=hcfcfb64_0
  - libogg=1.3.4=h8ffe710_1
  - libpng=1.6.39=h19919ed_0
  - libsqlite=3.42.0=hcfcfb64_0
  - libvorbis=1.3.7=h0e60522_0
  - libxml2=2.11.4=hc3477c8_0
  - libzlib=1.2.13=hcfcfb64_5
  - matplotlib=3.2.2=1
  - matplotlib-base=3.2.2=py37hab8957c_1
  - mkl=2020.4=hb70f87d_311
  - mkl-service=2.3.0=py37h4ab8f01_2
  - mkl_fft=1.3.0=py37hda49f71_1
  - mkl_random=1.2.0=py37h414f9d2_1
  - numpy=1.17.4=py37h4320e6b_0
  - numpy-base=1.17.4=py37hc3f5095_0
  - openssl=3.1.2=hcfcfb64_0
  - packaging=23.1=pyhd8ed1ab_0
  - pandas=1.1.3=py37h06f6abc_2
  - pcre2=10.40=h17e33f8_0
  - pip=23.2.1=pyhd8ed1ab_0
  - ply=3.11=py_1
  - pyparsing=3.1.0=pyhd8ed1ab_0
  - pyqt=5.15.7=py37h15e4627_1
  - pyqt5-sip=12.11.0=py37h7f67f24_1
  - python=3.7.12=h900ac77_100_cpython
  - python-dateutil=2.8.2=pyhd8ed1ab_0
  - python_abi=3.7=3_cp37m
  - pytz=2023.3=pyhd8ed1ab_0
  - qt-main=5.15.8=h2c8576c_12
  - setuptools=59.8.0=py37h03978a9_1
  - sip=6.7.2=py37h7f67f24_0
  - six=1.16.0=pyh6c4a22f_0
  - sqlite=3.42.0=hcfcfb64_0
  - toml=0.10.2=pyhd8ed1ab_0
  - tornado=6.2=py37hcc03f2d_0
  - typing-extensions=4.7.1=hd8ed1ab_0
  - typing_extensions=4.7.1=pyha770c72_0
  - ucrt=10.0.22621.0=h57928b3_0
  - vc=14.3=h64f974e_17
  - vc14_runtime=14.36.32532=hfdfe4a8_17
  - vs2015_runtime=14.36.32532=h05e6639_17
  - wheel=0.41.0=pyhd8ed1ab_0
  - zlib=1.2.13=hcfcfb64_5
  - zstd=1.5.2=h12be248_7